000000000011011100000000
000001000100000110000000
000011101110000111000000
000100000001001000100000
001110000011111101110000
010001000100001000001000
111011101110011100011100
000000000001100010100011
100000000010010110110100
110000000111110000000111
001000001000001000001000
011100011100011100011100
100010100010100010100010
110110110110110110110110
000000000100001000000000
000000001110011100000000
000000010001100010000000
000000111010010111000000
000001000011110000100000
000011100100001001110000
000100011110011110001000
001110100001100001011100
010000110010010011000010
111001001111111100100111
000110111000000011011100
001100100100000110010010
011011011010001101101101
010010010001011001001000
101101101010010110110100
001001000001100100100011
110110100011011011010110
100100010110010010000100
011010100101101101001011
010000011001001000110010
101000110110110101101101
000101100100100001001001
101001011011010010110110
000110010010001100100100
001101101101011011011010
011001001000010010010001
010110110100101101101010
100100100011001001000001
011011010110110110100011
010010000100100100010110
101101001011011010100101
001000110010010000011001
110101101101101000110110
100001001001000101100100
110011111011101101011111
001110000010001001010000
011001000111011111011000
110111101100010000010100
100100001010111000110111
011110011010100101100100
110001110010111101011110
101011001110100001010000
101010111000110011011001
001010100101101110010111
111010111101001001110100
100010100001110111000111
010110110011000100101100
110100101110101111101010
100111101000101000001010
111100001101101100011010
100010011001001010110010
110111110111111010101110
100100000100000010101000
111110001110000110101101
000001011001001100101001
100011010111111011101111
010110010100000010001000
110101110110000111011100
101111001100110100110000
111000001000101100100110
100011101010111000100101
001010011011100010100111
001110010110001011100100
101000011100101110000101
011011010000111000110111
110110110110100010101100
101101101101101011111000
111011011011011110000010
100110110110110000111011
000101101101100110100110
110111011011000101100100
101100110110010111000100
111000101100011100010100
100010111001010001011100
101011100001110101110000
111110001101001111000110
100000101011001000010101
001110111110001011011111
001001100100101110110000
101001000100111001100111
011001010100100001000100
010001111100101101010101
111010000011110011111111
000111000100001100000000
001000101110010010000000
011101110001110111000000
100010001010001000100000
110111011011011101110001
001000100100100010001010
011101111011110111011111
100010000100001000100000
110111001110011101110001
001000110001100010001010
011101001010010111011111
100011111011111000100000
110100000100000101110001
001110001110001110001010
010001010001010001011111
111011111011111011100000
000100000100000100010001
101110001110001110111011
010001010001010001000100
111011111011111011101110
000100000100000100010001
101110001110001110111011
010001010001010001000100
011001111001111001100110
010101000101000101010101
111111100111100111111111
000000010100010100000000
000000011110011110000000
000000010001010001000000
000000011001111001100000
000000010101000101010000
000000011011100111111000
000000010110010100000100
000000011101011110000110
000000010011110001000101
100000011010001001100111
010000010111001101010100
011000011100101011111110
010100010010110110000001
111110011011101101000001
000001010110011011100001
100001111101010110010001
010001000011111101011001
111001100010000011110101
000101010011000010001111
100111111010100011001000
110100000111110010101100
110001110100010000001100
110101010001000111101100
110000000100010100101100
110111110001001000001100
110100010100000011101100
110001000001111010101100
110100011101001000001100
110001010100000011101100
110100000001111010101100
110001111101001000001100
110101000100000011101100
110000010001111010101100
110111000101001000001100
110101010000000011101100
110000000111111010101100
110111110100001000001100
110100010001100011101100
110001000101101010101100
110100010001100000001100
110001000101101111101100
110100010001101000101100
110001000101100010001100
110100010001101000101100
110001000101100010001100
011010101000110101010111
001000000101010000000001
110100001000001000000010
010010010100010100000100
101101100010100010001010
000100110100010101010000
001011010010100000001000
010001001100010000010100
101010110110101000100010
000000010010000101010100
000000101101001000000010
000001000100110100000101
100010101011010010001000
010100000001001101010101
000010000010110100000000
000101000100010010000000
001000101010101101000000
010101000100000100100000
100000101010001011010000
010001000001010001001001
001010100010001010110110
010000010101010000010011
001000100100001000101101
110101011010010101000100
110000011001100000101011
011000111011110001000010
111101101010011010100101
000101100001111000011001
101001110011001100111110
000111011011110111100010
001101011010010100110101
111100011001100011110000
100110111011110110011001
111110101010010111111111
000010000001100100000000
000101000011111010000000
001000100110001001000000
010101011011010110100000
100000011011000110010000
010000111011101111101001
001001101010101000100110
010111100100000101011111
000100111010001000010001
101011101001010100101010
000010100110000011000000
000100011011000111100000
001010111011101100110000
010000101010101111111000
100001010101011000001000
000010101010111000010001
000101010101101000100010
001010101011110001000100
010101010110010010001000
101010101110100100010000
010101011011001000100001
101010111011010001000010
010101101111100010000101
101011111000100100001010
010110001001001000010101
101110010010010000101010
011010100100100001010101
111101001001000010101010
100110010010000101010101
101110100100001010101011
111011001000010101010110
101111010000101010101111
111001100001010101011000
101011100010101010111001
110110100101010101101011
011111001010101011110110
110001010101010110011110
110010101010101110110011
010101010101011011110110
101010101010110110011110
010101010101110110110011
101010101011011111110111
110101010111110000011100
111010101100010000110101
001101011100100001111011
011110110101000011001111
110011111010000111011001
010110001100001101111011
101110011100011111001111
111010110100110001011000
101101111001110010111001
111111001011010101101011
000001010111101011110110
000010101100110110011110
000101011101110110110010
001010110111011111110100
010101111101110000011000
101011000111010000111000
010111001101100001101001
101101011011100011110010
011110111110100110010101
110011100011001110101010
110010101011001011111111
010011111011001110000000
010010001111001010111111
110010101001001111100001
010011111001001000101101
110010001001001010111111
010010101001001111100000
010011111001001000101111
110010001001001010111001
010010101001001111101001
110011111001001000111001
010010001001001010101001
110010101001001111111001
010011111001001000001001
110010001001001011101001
010010101001001110111001
110011111001001011101001
010010001001001110111001
110010101001001011101001
010011111001001110111001
110010001001001011101001
010010101001001110111001
110011111001001011101001
010010001001001110111001
110110011011011011101011
011110111011110110111110
110011101110011111100010
110110111010110000100111
011111101111110001101100
110000111000010011111100
110001101000110110000101
010011111001110110001111
110110001011011110011001
011110011011110010111011
110010111110010111101111
010111100010111100111000
111100100111100101101000
100101101100101111111001
101111111101111000001011
111000000111001000011110
101000001101011000110011
111000011011111001110110
101000111110001011011111
111001100010011111110000
101011100110110000010001
111110101111110000110011
000011111000010001110110
000110001000110011011110
001111010101110111110011
111001101011011100011111
001111110111110110110000
011000011100011111111000
111100110110110000001100
100111111011111000011111
111100001110001100110000
100110011011011111111001
111111111011110000001111
000000001110011000011000
000000011011111100111100
000000111110000111100110
000001100011001100000000
100011110110000000000000
110110000000000000000000
